strategic_region = {
	id = 1
	name = "STRATEGICREGION_1"

	provinces = {
		6344 6356 6472 6515 6516 6531 6543 6598 6637 6638 6708 6709 6730 6731 6732 6768 6786 6787 6802 6809 6821 6834 6845 6864 6872 6891 6892 6893 6901 6910 6928 6949 6955 6969 6970 6971 6985 6986 7003 7013 7022 7023 7030 7031 7032 7047 7048 7076 7088 7095 7096 7108 7109 7110 7129 7155 7173 7188 7189 7209 7210 7222 7257 7258 7278 7279 7284 7307 7333 7334 7356 7357 7358 7369 7370 7410 7411 7412 7435 7436 7437 7455 7496 7497 7511 7526 7562 7580 7589 7590 7603 7695 7742 7757 7782 7814 7922 8048 8056 8066 8092 8169 21602 
	}

	weather = {
	}
}
