strategic_region = {
	id = 105
	name = "STRATEGICREGION_105"

	provinces = {
		13960 14048 14049 14050 14102 14103 14130 14131 14264 14265 14266 14332 14352 14353 14401 14402 14428 14429 14430 14485 14527 14528 14529 14530 14531 14591 14610 14661 14662 14693 14694 14695 14696 14721 14722 14772 14796 14797 14798 14832 14860 14861 14905 14937 14959 14960 14961 14962 15019 15020 15055 15056 15057 15099 15100 15101 15149 15189 15190 15217 15250 15251 15271 15310 15311 15362 15397 15470 
	}

	weather = {
	}
}
