strategic_region = {
	id = 120
	name = "STRATEGICREGION_120"

	provinces = {
		15368 15428 15452 15522 15588 15613 15644 15667 15719 15744 15769 15808 15880 15904 15968 16016 16017 16018 16074 16211 16298 16427 16531 16555 16556 16603 16669 16692 16783 16808 16828 16853 16854 16878 16987 16988 17017 17079 17080 17093 17094 17095 17120 17138 17155 17177 17178 17319 17320 17321 17334 17397 17453 17474 17475 17521 17662 17663 17684 17685 17686 17704 17713 17774 17845 17856 17926 17968 17969 18021 18036 18075 18114 18153 18154 18168 18209 18271 18365 
	}

	weather = {
	}
}
