strategic_region = {
	id = 149
	name = "STRATEGICREGION_149"

	provinces = {
		16557 16624 16910 16926 16989 17179 17243 17322 17335 17368 17398 17426 17454 17455 17510 17522 17564 17565 17625 17647 17727 17745 17794 17815 17816 17817 17846 17871 17886 17943 17970 17985 18022 18101 18155 18180 18210 18211 18272 18273 18285 18329 18330 18400 18418 18455 18456 18485 18515 18553 18592 18602 18654 18711 18753 18761 18762 18773 18778 18822 18867 18883 18892 18902 18910 18935 18942 18952 18979 19004 19040 19041 19042 19075 19097 19133 19198 19207 19208 19237 19249 19319 19323 19333 19364 19417 19461 
	}

	weather = {
	}
}
