strategic_region = {
	id = 155
	name = "STRATEGICREGION_155"

	provinces = {
		4680 4724 4856 4934 4946 4957 4982 5014 5118 5119 5160 5161 5207 5217 5264 5315 5384 5393 5408 5423 5424 5425 5436 5493 5529 5564 5565 5594 5618 5619 5625 5626 5637 5658 5671 5698 5714 5739 5787 5788 5806 5807 5849 5863 5864 5865 5874 5907 5934 5935 5964 5965 5966 6015 6016 6031 6042 6065 6085 6086 6093 6108 6109 6118 6119 6129 6148 6174 6175 6187 6198 6204 6216 6239 6245 6257 6280 6288 6342 6343 6355 6362 6397 6414 6422 6433 6468 6485 6494 6558 6559 6560 6590 6597 6614 6622 6655 6695 6707 6729 6742 6759 6819 6852 6862 6888 6908 6920 6921 6947 6964 6965 7044 7070 7071 7072 7085 7128 7142 7143 7206 7255 7275 7299 7346 7483 7484 7509 7638 7703 7767 7871 8000 8025 
	}

	weather = {
	}
}
