strategic_region = {
	id = 160
	name = "STRATEGICREGION_160"

	provinces = {
		8955 9132 9133 9149 9201 9264 9294 9321 9322 9345 9365 9420 9421 9442 9459 9482 9502 9503 9504 9525 9546 9547 9562 9613 9614 9615 9633 9652 9671 9672 9697 9714 9715 9732 9756 9757 9772 9812 9848 9866 9867 9883 9956 9983 9984 9985 10002 10003 10004 10005 10068 10085 10152 10176 10233 10405 10421 10446 10447 10543 10571 10601 10746 10795 10870 10920 10921 10933 11048 11115 11168 11186 11264 11265 11390 11463 11535 11536 11693 11773 11903 12025 12162 12286 
	}

	weather = {
	}
}
