strategic_region = {
	id = 162
	name = "STRATEGICREGION_162"

	provinces = {
		10175 10232 10255 10337 10383 10444 10445 10625 10649 10670 10671 10766 10767 10824 10826 10869 10919 10968 10996 11021 11047 11070 11071 11091 11092 11114 11135 11136 11167 11185 11207 11231 11263 11361 11388 11411 11440 11462 11533 11563 11594 11651 11691 11721 11822 11878 11902 11981 12024 12040 12041 12143 12188 12310 12358 12359 12395 12396 12446 12494 12517 12518 12543 12745 12746 12769 12875 12921 13015 13016 13098 13155 13179 13206 13221 13253 13317 13386 13448 13449 13470 13605 13732 13760 13830 13831 13857 14058 14142 14648 
	}

	weather = {
	}
}
