strategic_region = {
	id = 208
	name = "STRATEGICREGION_208"

	provinces = {
		7968 7969 7970 8044 8062 8128 8153 8181 8199 8233 8266 8267 8282 8352 8400 8414 8431 8447 8448 8476 8509 8510 8511 8563 8564 8585 8619 8633 8670 8709 8726 8727 8745 8746 8761 8778 8792 8793 8812 8842 8866 8898 8912 8930 8931 8948 9000 9029 9045 9046 9047 9070 9071 9093 9094 9166 9167 9181 9195 9196 9221 9238 9239 9258 9259 9260 9289 9290 9340 9360 9361 9376 9377 9392 9416 9435 9454 9473 9474 9475 9521 9539 9540 9559 9574 9589 9666 9710 9805 9806 9861 9907 
	}

	weather = {
	}
}
