strategic_region = {
	id = 243
	name = "STRATEGICREGION_243"

	provinces = {
		7577 7598 7611 7657 7678 7728 7764 7775 7862 7863 7883 7884 7885 7899 7953 7954 7985 8041 8042 8054 8081 8083 8152 8178 8179 8196 8197 8215 8246 8247 8264 8280 8296 8305 8410 8411 8412 8429 8430 8475 8489 8526 8540 8541 8584 8597 8616 8630 8631 8632 8688 8708 8743 8810 8841 8863 8864 8865 8880 8881 8896 8910 8928 9041 9042 9043 9044 9067 9089 9090 9091 9128 9193 9220 9237 9288 9359 9451 9452 9453 9471 9497 9555 9604 9605 9664 9665 9707 9708 9749 9826 9827 9879 9902 9903 9946 9966 21623 
	}

	weather = {
	}
}
