strategic_region = {
	id = 245
	name = "STRATEGICREGION_245"

	provinces = {
		5885 5886 5896 5953 5954 5963 6011 6012 6013 6022 6027 6028 6039 6040 6056 6063 6084 6104 6117 6128 6160 6185 6194 6221 6222 6230 6253 6267 6278 6279 6287 6310 6353 6361 6387 6396 6408 6441 6448 6455 6471 6503 6504 6505 6528 6529 6542 6557 6569 6581 6582 6596 6670 6671 6693 6727 6728 6741 6767 6785 6808 6829 6830 6831 6842 6843 6851 6870 6871 6879 6927 6935 6936 6946 6962 6963 6981 6982 7010 7011 7042 7067 7068 7083 7115 7116 7117 7127 7152 7171 7203 7228 7240 7241 7298 7305 7312 7329 7344 7392 7403 7404 7405 7420 7432 7433 7450 7451 7505 7569 7586 7627 7658 21596 21599 21600 21603 
	}

	weather = {
	}
}
