strategic_region = {
	id = 253
	name = "STRATEGICREGION_253"

	provinces = {
		15673 15674 15675 15676 15677 15678 15773 15774 15809 15836 15837 15857 15949 15995 16025 16077 16135 16192 16193 16214 16279 16329 16404 16433 16434 16533 16579 16604 16629 16695 16717 16718 16740 16950 16992 17020 17021 17042 17056 17057 17081 17123 17142 17157 17225 17275 17276 17277 17303 17337 17338 17370 17399 17430 17477 17501 17567 17568 17584 17600 17614 17626 17649 17650 17665 17728 17748 17749 17777 17836 17986 17987 17988 17989 17990 18025 18039 18055 18069 18116 18181 18182 18224 18292 18384 18446 18595 
	}

	weather = {
	}
}
