strategic_region = {
	id = 32
	name = "STRATEGICREGION_32"

	naval_terrain = water_shallow_sea
	provinces = {
		9814 9884 9885 9986 10052 10177 10208 10234 10235 10236 10278 10500 10545 10546 10572 10602 10626 10796 10797 10827 10888 10889 10890 10922 10935 10936 10969 10970 10997 11022 11093 11116 11117 11187 11232 11323 11363 11364 11365 11366 11414 11566 11567 11653 11696 11697 11722 11723 11724 11725 11826 11861 11879 11880 11951 11998 11999 12071 12145 12163 12258 12287 12312 12331 12332 12447 12496 12545 12618 12639 12750 12850 21088 21106 21116 21134 21146 21173 21179 21195 21201 
	}

	weather = {
	}
}
