strategic_region = {
	id = 321
	name = "STRATEGICREGION_321"

	provinces = {
		4800 4887 4974 5074 5094 5096 5109 5110 5129 5219 5231 5257 5266 5267 5276 5277 5301 5302 5317 5344 5371 5396 5446 5472 5473 5495 5506 5516 5546 5570 5609 5638 5687 5724 5789 5809 5857 5948 5967 6032 6033 6044 6048 6049 6074 6075 6123 6155 6164 6258 6269 6289 6296 6301 6312 6321 6332 6379 6380 6399 6427 6428 6488 6499 6506 6533 6534 6572 6584 6607 6629 6630 6641 6642 6643 6644 6699 6710 6718 6733 6761 6778 6822 6835 6940 6956 6972 6973 6987 7049 7130 7144 7156 7259 7319 7359 7413 7468 7485 7512 7528 7536 7591 7799 21588 21591 21592 21604 
	}

	weather = {
	}
}
