strategic_region = {
	id = 334
	name = "STRATEGICREGION_334"

	provinces = {
		3755 3786 3844 3857 3900 3907 3933 3947 3983 4002 4020 4021 4037 4189 4205 4229 4275 4309 4344 4407 4408 4420 4457 4466 4477 4491 4505 4506 4546 4572 4602 4603 4678 4701 4737 4738 4760 4785 4797 4815 4816 4817 4836 4862 4910 4911 4920 4921 4942 4943 4956 4981 5007 5008 5009 5010 5033 5056 5067 5068 5069 5081 5115 5134 5146 5157 5192 5249 5250 5309 5310 5340 5350 5360 5380 5420 5432 5457 5458 5465 5525 5555 5556 5579 5633 5648 5695 
	}

	weather = {
	}
}
