strategic_region = {
	id = 338
	name = "STRATEGICREGION_338"

	provinces = {
		5071 5072 5116 5147 5159 5203 5205 5228 5251 5263 5274 5285 5286 5287 5295 5296 5311 5312 5330 5331 5361 5381 5391 5392 5404 5421 5433 5459 5466 5467 5468 5492 5501 5526 5527 5538 5539 5540 5541 5591 5592 5604 5605 5616 5617 5635 5654 5655 5656 5682 5696 5711 5721 5751 5752 5758 5771 5783 5793 5794 5816 5825 5826 5840 5853 5884 5894 5905 5920 5930 5945 5962 5975 5976 5993 6009 6010 6038 6062 6072 6073 6081 6082 6092 6143 6152 6153 6159 6183 6184 6193 6215 6242 6243 6251 6252 6266 6317 6339 6340 6374 6375 6407 6413 6467 6483 6493 6541 6554 6555 6556 6568 6612 6636 6653 6654 6669 6679 6686 6705 6725 6726 6736 6737 6738 6793 6799 6807 6818 6859 6860 6961 6998 7009 7150 21590 
	}

	weather = {
	}
}
