strategic_region = {
	id = 384
	name = "STRATEGICREGION_384"

	provinces = {
		8692 8730 8731 8752 8799 8956 8957 8958 8985 9003 9004 9079 9112 9134 9135 9173 9203 9227 9228 9244 9346 9347 9366 9382 9444 9483 9484 9526 9548 9564 9616 9634 9673 9698 9717 9718 9758 9773 9774 9815 9832 9849 9932 9957 9987 10006 10007 10031 10032 10071 10154 10155 10178 10237 10256 10299 10300 10301 10323 10366 10385 10448 10522 10574 10604 10651 10768 10891 10998 11023 11051 11118 11137 11392 11416 11490 11507 11624 11729 11829 12003 12004 12005 12123 
	}

	weather = {
	}
}
