strategic_region = {
	id = 396
	name = "STRATEGICREGION_396"

	provinces = {
		15549 15608 15609 15713 15714 15743 15766 15767 15792 15827 15828 15854 15876 15899 15900 15922 15923 15924 15925 15962 15990 15991 16041 16042 16070 16071 16126 16127 16163 16164 16184 16206 16254 16275 16292 16293 16294 16295 16296 16297 16319 16320 16321 16349 16350 16377 16378 16399 16400 16455 16456 16457 16499 16511 16572 16573 16574 16599 16600 16620 16645 16665 16689 16690 16691 16711 16734 16757 16806 16823 16824 16825 16850 16871 16872 16873 16945 16962 16963 17012 17091 17114 17133 17151 21672 21685 
	}

	weather = {
	}
}
