strategic_region = {
	id = 397
	name = "STRATEGICREGION_397"

	provinces = {
		13268 13289 13369 13462 13501 13502 13526 13550 13582 13627 13703 13727 13752 13753 13754 13779 13822 13823 13824 13853 14055 14079 14080 14081 14109 14137 14138 14197 14198 14269 14382 14461 14462 14463 14490 14491 14510 14511 14565 14640 14641 14664 14701 14775 14776 14777 14778 14804 14838 14839 14864 14907 14908 14945 14964 14965 14990 14991 15024 15107 15174 15175 15192 15219 15279 15280 15365 15400 15401 15475 15501 15519 15520 15550 15586 15610 15642 15715 15829 21647 21651 
	}

	weather = {
	}
}
