strategic_region = {
	id = 398
	name = "STRATEGICREGION_398"

	provinces = {
		10223 10316 10378 10397 10613 10644 10658 10713 10714 10782 10853 10880 10881 11036 11037 11061 11080 11129 11130 11198 11199 11200 11201 11220 11250 11284 11314 11334 11379 11380 11399 11428 11454 11455 11481 11521 11587 11588 11589 11607 11640 11641 11714 11765 11814 11815 11816 11847 11871 11895 11914 11915 11959 11978 11991 12019 12110 12182 12210 12227 12273 12352 12488 12560 12583 12608 12690 12737 12892 12915 13040 13127 13288 21635 21637 
	}

	weather = {
	}
}
