strategic_region = {
	id = 40
	name = "STRATEGICREGION_40"

	provinces = {
		10807 10946 11057 11099 11211 11212 11243 11272 11273 11274 11344 11473 11495 11496 11575 11602 11631 11661 11707 11735 11778 11779 11837 11839 11867 11886 11887 11971 11972 11985 12009 12010 12011 12052 12080 12104 12131 12132 12173 12174 12199 12244 12266 12365 12366 12381 12382 12407 12408 12409 12480 12481 12505 12553 12554 12626 12678 12757 12784 12859 12886 12934 12935 13000 13030 13083 13166 21412 21564 
	}

	weather = {
	}
}
