strategic_region = {
	id = 401
	name = "STRATEGICREGION_401"

	provinces = {
		8125 8165 8176 8177 8213 8322 8347 8366 8398 8444 8474 8505 8524 8558 8582 8583 8595 8596 8615 8628 8629 8644 8645 8668 8686 8723 8724 8725 8741 8777 8790 8809 8827 8839 8876 8877 8878 8894 8895 8923 8924 8925 8945 8970 8971 8999 9028 9039 9141 9162 9179 9180 9190 9191 9215 9216 9274 9275 9286 9357 9410 9431 9448 9449 9518 9519 9520 9626 9645 9646 9688 9727 9748 9824 9844 9858 9859 9877 9878 9897 9943 9965 10044 10080 10146 10167 10224 10245 10289 10317 10413 10465 10485 10513 10561 10589 10645 10659 10688 10755 10854 10952 11038 11062 11221 11251 11381 
	}

	weather = {
	}
}
