strategic_region = {
	id = 405
	name = "STRATEGICREGION_405"

	provinces = {
		11638 11682 11786 11787 11812 11891 11937 11938 11976 11977 12036 12058 12059 12108 12155 12156 12181 12206 12207 12249 12299 12321 12322 12369 12415 12416 12417 12435 12460 12461 12485 12486 12512 12535 12536 12537 12606 12628 12629 12664 12685 12686 12712 12713 12714 12735 12813 12814 12815 12842 12843 12863 12891 12908 12909 12910 12911 12912 12939 12940 12978 13004 13038 13088 13089 13123 13124 13125 13171 13213 13242 13284 13285 13286 13310 13311 13312 13329 13364 13365 13366 13405 13406 13407 13439 13440 13441 13460 13461 13484 13485 13500 
	}

	weather = {
	}
}
