strategic_region = {
	id = 406
	name = "STRATEGICREGION_406"

	provinces = {
		11151 11178 11247 11248 11249 11313 11333 11349 11350 11377 11378 11398 11427 11479 11480 11552 11553 11584 11585 11586 11639 11664 11665 11666 11713 11741 11764 11813 11844 11845 11846 11870 11892 11893 11894 11912 11913 11939 11958 11989 11990 12018 12060 12087 12109 12135 12208 12209 12224 12225 12226 12250 12251 12300 12301 12323 12350 12351 12370 12371 12436 12437 12487 12538 12559 12582 12607 12630 12665 12666 12668 12669 12687 12688 12689 12715 12716 12736 12816 12864 12865 12866 12867 12913 12914 12941 12942 12961 12962 12979 12980 13005 13006 13007 13039 13090 13126 13150 13151 13173 13214 13215 13216 13243 13244 13287 13330 13368 13381 13382 13410 13525 13581 13626 13679 13778 14054 
	}

	weather = {
	}
}
