strategic_region = {
	id = 41
	name = "STRATEGICREGION_41"

	provinces = {
		10711 10809 10810 10847 10876 10877 11003 11004 11029 11058 11076 11100 11213 11275 11304 11305 11372 11373 11423 11546 11632 11736 11737 11761 11807 11888 11906 11933 11986 12012 12030 12031 12053 12054 12105 12133 12175 12200 12294 12295 12296 12343 12367 12433 12482 12483 12506 12507 12508 12526 12527 12576 12577 12602 12653 12679 12680 12708 12730 12731 12785 12808 12837 12887 12975 13001 13084 21425 21557 21559 21563 
	}

	weather = {
	}
}
