strategic_region = {
	id = 410
	name = "STRATEGICREGION_410"

	naval_terrain = water_shallow_sea
	provinces = {
		1191 1206 1255 1298 1310 1457 1496 1501 1509 1522 1533 1542 1599 1610 1619 1620 1652 1663 1709 1714 1728 1745 1753 1812 1813 1821 1843 1856 1862 1863 1864 1873 1882 1902 1978 1984 1985 1995 2008 2049 2069 2083 2098 2099 2100 2106 2107 2108 2126 2144 2178 2199 2217 2237 2259 2260 2261 2301 2322 2332 2355 2372 2412 2413 2448 2458 2491 2492 2493 2524 2534 2572 2596 2629 2640 2653 2665 2675 2687 2702 2713 2762 2786 20601 20602 20625 20626 20631 20641 20671 20676 20679 
	}

	weather = {
	}
}
