strategic_region = {
	id = 42
	name = "STRATEGICREGION_42"

	provinces = {
		15320 15695 15796 15835 15928 15971 16168 16382 16428 16625 16713 16739 16759 16911 16927 17018 17019 17121 17140 17222 17258 17274 17299 17476 17523 17612 17648 17705 17746 17759 17775 17872 17904 17916 17944 17971 17972 18023 18037 18053 18124 18136 18156 18169 18170 18198 18199 18200 18212 18213 18238 18251 18286 18343 18355 18388 18433 18434 18442 18443 18494 18516 18517 18523 18554 18626 18641 18666 18712 18813 18846 18847 18965 19019 19134 19177 19199 19304 19385 19445 19452 19533 19559 19593 21682 
	}

	weather = {
	}
}
