strategic_region = {
	id = 43
	name = "STRATEGICREGION_43"

	provinces = {
		18307 18366 18389 18402 18444 18457 18486 18501 18502 18507 18541 18593 18633 18647 18693 18731 18732 18733 18738 18774 18775 18780 18781 18782 18814 18815 18829 18855 18884 18893 18894 18903 18904 18911 18931 18953 18980 18999 19011 19020 19021 19051 19054 19067 19068 19094 19141 19185 19200 19209 19212 19219 19229 19243 19244 19250 19256 19257 19263 19273 19289 19305 19324 19367 19399 19409 19414 19418 19431 19458 19459 19468 19469 19507 19511 19534 19584 19594 19597 19621 19625 
	}

	weather = {
	}
}
