strategic_region = {
	id = 432
	name = "STRATEGICREGION_432"

	provinces = {
		2764 2810 2854 2869 2890 2891 2917 2935 2947 2971 2984 2996 3069 3088 3107 3108 3137 3157 3241 3252 3259 3272 3290 3299 3300 3339 3354 3375 3376 3457 3469 3508 3549 3557 3577 3605 3680 3686 3704 3731 3774 3815 3832 3833 3842 3884 3920 3943 3965 3966 3967 3980 4010 4011 4019 4081 4111 4121 4133 4134 4173 4174 4175 4187 4252 4289 4319 4320 4321 4365 4394 4395 4396 4404 4442 4454 4463 4502 4559 4593 4594 4673 4691 4782 4792 4793 
	}

	weather = {
	}
}
