strategic_region = {
	id = 445
	name = "STRATEGICREGION_445"

	provinces = {
		1575 1611 1616 1640 1667 1697 1711 1719 1752 1767 1779 1791 1801 1817 1818 1825 1826 1832 1866 1867 1886 1904 1923 1942 1943 1956 1970 1991 2000 2026 2036 2053 2063 2089 2090 2095 2103 2104 2105 2111 2122 2132 2173 2180 2181 2188 2232 2244 2255 2266 2267 2268 2269 2294 2308 2339 2387 2388 2389 2398 2406 2407 2422 2436 2443 2485 2486 2487 2514 2547 2579 2618 2634 2669 2707 2747 2815 2825 2859 2920 2930 2987 3012 
	}

	weather = {
	}
}
