strategic_region = {
	id = 452
	name = "STRATEGICREGION_452"

	provinces = {
		1600 1601 1602 1630 1675 1689 1690 1717 1738 1778 1788 1789 1815 1831 1847 1865 1884 1885 1895 1922 1952 1953 1979 1998 1999 2005 2071 2072 2073 2086 2094 2101 2121 2170 2171 2241 2242 2252 2253 2264 2265 2275 2291 2305 2323 2336 2337 2359 2360 2384 2397 2403 2404 2419 2432 2433 2449 2462 2497 2498 2525 2558 2575 2601 2602 2603 2633 2667 2734 2744 2777 2778 2788 2789 2811 2855 2903 2927 2936 2948 2972 2997 3117 3118 3340 
	}

	weather = {
	}
}
