strategic_region = {
	id = 5
	name = "STRATEGICREGION_5"

	provinces = {
		17366 17471 17472 17507 17594 17642 17659 17701 17742 17812 17829 17830 17843 17854 17897 17940 17981 18034 18073 18084 18099 18166 18178 18196 18222 18279 18282 18301 18302 18382 18429 18430 18454 18464 18465 18471 18472 18493 18531 18550 18561 18567 18574 18584 18601 18607 18608 18623 18639 18665 18683 18684 18691 18719 18720 18729 18750 18772 18791 18799 18810 18811 18821 18866 18899 18900 18922 18928 18929 18972 18984 19002 19003 19009 19073 19074 19118 21700 21726 21738 
	}

	weather = {
	}
}
