strategic_region = {
	id = 583
	name = "STRATEGICREGION_583"

	provinces = {
		6067 6076 6095 6111 6200 6224 6270 6271 6297 6298 6322 6381 6435 6507 6518 6545 6561 6585 6617 6618 6631 6645 6700 6701 6753 6769 6788 6796 6810 6836 6837 6873 6902 6911 6929 6957 6974 6988 6989 7004 7005 7033 7050 7051 7097 7119 7157 7158 7159 7160 7231 7245 7246 7260 7285 7286 7287 7308 7320 7335 7349 7360 7371 7384 7385 7386 7395 7414 7456 7457 7469 7486 7513 7515 7516 7517 7550 7551 7571 7581 7592 7604 7605 7620 7639 7650 7651 7661 7672 7684 7718 7719 7732 7744 7745 7769 7783 7816 
	}

	weather = {
	}
}
