strategic_region = {
	id = 610
	name = "STRATEGICREGION_610"

	provinces = {
		3049 3050 3180 3206 3207 3216 3238 3271 3286 3287 3317 3352 3366 3374 3393 3425 3441 3467 3482 3483 3494 3518 3535 3565 3585 3631 3644 3677 3697 3725 3770 3771 3772 3797 3840 3841 3852 3876 3877 3904 3917 3928 3941 3962 3976 3977 4048 4049 4063 4075 4076 4077 4092 4093 4156 4157 4185 4218 4226 4237 4259 4260 4269 4286 4299 4339 4359 4375 4390 4400 4424 4437 4438 4461 4474 4515 4516 4610 4640 4694 4719 
	}

	weather = {
	}
}
