strategic_region = {
	id = 649
	name = "STRATEGICREGION_649"

	provinces = {
		2350 2363 2399 2408 2424 2437 2438 2465 2473 2503 2517 2531 2532 2548 2563 2564 2565 2580 2581 2606 2607 2635 2646 2671 2672 2678 2679 2680 2681 2709 2716 2728 2737 2758 2759 2766 2767 2768 2769 2783 2793 2794 2806 2827 2838 2839 2860 2874 2875 2883 2910 2911 2912 2931 2939 2950 2951 2952 2953 2964 2975 2988 3000 3014 3024 3037 3038 3092 3096 3097 3098 3113 3140 3149 3150 3188 3201 3209 3227 3263 
	}

	weather = {
	}
}
