strategic_region = {
	id = 651
	name = "STRATEGICREGION_651"

	provinces = {
		4224 4280 4293 4294 4345 4357 4368 4382 4383 4384 4385 4410 4411 4431 4446 4458 4468 4469 4470 4471 4479 4480 4481 4526 4527 4528 4536 4547 4548 4562 4573 4586 4596 4604 4605 4606 4623 4632 4652 4663 4681 4682 4683 4714 4715 4725 4726 4727 4742 4751 4752 4753 4762 4772 4799 4845 4863 4864 4875 4882 4883 4884 4885 4886 4925 4947 4958 4972 4973 4991 4992 4993 5015 5026 5036 5046 5047 5048 5057 5073 5093 5107 5108 5120 5121 5126 5136 5162 5173 5218 5255 21583 
	}

	weather = {
	}
}
