strategic_region = {
	id = 654
	name = "STRATEGICREGION_654"

	provinces = {
		2924 2956 2966 2989 2990 2991 2992 3003 3015 3059 3060 3061 3062 3063 3075 3076 3077 3101 3124 3125 3126 3127 3151 3152 3163 3164 3175 3176 3211 3212 3229 3230 3249 3255 3266 3267 3278 3296 3309 3321 3332 3344 3370 3371 3399 3415 3416 3434 3435 3449 3450 3451 3476 3488 3489 3501 3513 3514 3529 3555 3563 3570 3583 3625 3638 3658 3659 3660 3661 3662 3682 3683 3690 3691 3708 3719 3737 3738 3746 3747 3792 3793 3801 3802 3821 3822 3848 3849 3850 3860 3890 3901 3910 3950 3951 3968 3989 4024 4041 4057 4058 4068 4069 4070 4086 4114 4139 4150 4165 4166 4208 4223 4232 4233 
	}

	weather = {
	}
}
