strategic_region = {
	id = 655
	name = "STRATEGICREGION_655"

	provinces = {
		2317 2351 2366 2409 2519 2542 2567 2623 2637 2648 2649 2696 2697 2711 2738 2749 2750 2784 2785 2795 2796 2797 2828 2840 2849 2850 2861 2862 2884 2885 2886 2887 2895 2913 2921 2922 2923 2932 2940 2954 2955 2965 2976 2977 3001 3002 3039 3040 3056 3057 3058 3073 3074 3099 3100 3123 3141 3142 3162 3174 3189 3202 3210 3228 3248 3264 3265 3277 3282 3294 3295 3306 3307 3308 3330 3331 3343 3356 3357 3358 3387 3432 3433 3487 3500 3543 3544 3562 3582 7907 21575 
	}

	weather = {
	}
}
