strategic_region = {
	id = 666
	name = "STRATEGICREGION_666"

	provinces = {
		136 143 297 360 603 1534 1764 1802 2065 2251 2423 3410 3431 3512 3634 4040 6024 6050 6051 6060 6739 7103 7708 8289 8291 8575 8828 9296 10387 10426 11988 12656 13665 13743 13841 13954 14294 14295 14296 14321 14322 14397 14729 14822 15044 15143 15339 15355 15372 15564 15565 15984 16588 16745 16889 17084 17920 17956 17978 18190 18441 18628 18700 18779 18831 18896 18930 19007 19502 19524 19588 19613 19730 19923 20078 20182 21251 21507 21652 21653 21654 21669 
	}

	weather = {
	}
}
