strategic_region = {
	id = 669
	name = "STRATEGICREGION_669"

	provinces = {
		862 1227 1238 1279 1281 1292 1315 1354 1370 1407 1479 1482 1495 1642 1669 1726 1768 1820 1972 2075 2496 2654 2715 2808 2937 3504 3657 3760 3791 3835 3847 4214 5486 5908 5996 6070 7043 7075 7151 7317 7522 7625 7715 8432 8721 9170 9198 9287 9477 10793 11300 11728 12093 12695 12743 12874 12896 13097 13685 13890 14216 14542 14784 14793 14851 15003 15109 15574 15794 15929 16129 16477 16482 16514 16630 17039 17040 17097 17498 17664 17887 18089 18495 18508 18522 18898 18912 19000 19010 19439 20135 20530 20819 20846 
	}

	weather = {
	}
}
