strategic_region = {
	id = 670
	name = "STRATEGICREGION_670"

	provinces = {
		561 711 985 996 1014 1113 1155 1214 1253 1254 1260 1378 1720 2151 2694 3440 3603 4202 5191 5883 6627 7118 7196 7316 8353 8561 9012 9100 9726 9771 10153 10967 11285 11286 11320 11788 11797 11948 11950 12596 12667 12706 12931 12998 12999 13091 13708 13833 14192 14312 14398 14495 14754 15125 15555 16217 16226 16352 17228 17273 17862 18042 18401 18664 18710 19375 19464 19536 19558 20640 20655 20669 20730 20737 20740 21627 21630 21699 
	}

	weather = {
	}
}
