strategic_region = {
	id = 675
	name = "STRATEGICREGION_675"

	provinces = {
		51 52 66 67 127 163 257 335 354 422 423 1355 1371 1412 1427 1446 1452 1483 1969 2826 2915 2938 6178 6186 6190 6325 6341 6368 6445 6770 7858 8122 8207 8504 8986 9051 9618 10283 10631 11241 11283 11712 13203 13809 14070 14549 14886 14982 15210 15211 15487 16341 16648 16728 16838 16883 16977 17211 17266 17462 17754 17820 17959 17984 18117 18275 18341 18345 18392 18448 19058 19710 19745 19852 19947 20321 20328 20723 21617 21692 21760 
	}

	weather = {
	}
}
