1 4 9465 9601 9662 9620 
1 4 9620 9761 9856 10018 
1 7 9662 9840 10041 10016 10219 10312 10557 
1 8 9465 9514 9409 9428 9334 9269 9108 9026 
1 6 9334 9333 9513 9464 9599 9660 
1 4 9660 9533 9306 9268 
1 11 9660 9686 9787 9894 9854 10060 10076 10218 10311 10483 10557 
1 8 10059 9893 9894 9854 9821 9744 9600 9465 
1 4 10583 10584 10534 10681 
1 6 10681 10682 10778 10683 10684 10557 
1 4 10583 10459 10189 10059 
1 4 10189 10114 10162 10113 
1 6 10113 10058 9961 9839 9704 9660 
1 6 9961 9820 9743 9683 9532 9531 
1 4 9531 9569 9659 9703 
1 5 9722 9759 9921 9891 9659 
1 8 9891 9922 10112 10374 10481 10679 10680 10851 
1 2 10429 10508 
1 4 10162 10217 10508 10481 
1 4 10429 10263 10161 10112 
1 3 11740 11581 11476 
1 10 10681 10814 10852 11078 11103 11195 11346 11549 11710 11763 
1 3 12456 12205 12085 
1 14 10851 10951 11216 11150 11195 11245 11476 11581 11782 11974 12085 11890 11889 11763 
1 9 10951 10979 11175 11278 11396 11451 11580 11781 11763 
1 5 12659 12455 12298 12083 12134 
1 5 11763 12084 12204 12387 12455 
1 5 11451 11518 11374 11579 11578 
1 4 11579 11780 12056 12134 
1 8 11498 11308 11033 10733 10428 10160 9940 9759 
1 9 11578 11548 11662 11498 11426 11307 11425 11395 11547 
1 4 11498 11634 12032 12151 
1 4 12151 12246 12297 12529 
1 5 12297 11987 11604 11603 11547 
1 4 11603 11840 12014 12177 
1 4 12177 12178 12555 12809 
1 6 12905 12761 12682 12860 12904 12809 
1 3 12529 12603 12860 
1 4 12904 13196 13401 13402 
1 6 12905 13033 12976 13121 13197 13402 
1 9 13402 13309 13239 13281 13169 12977 12787 12732 12659 
1 6 12509 12410 12411 12580 12655 12555 
1 4 12809 12903 13060 13086 
1 2 10459 10680 
1 4 10016 9941 9788 9600 
1 3 9465 9466 9251 
1 3 9761 9964 10190 
1 3 9964 9789 9662 
1 6 9964 10244 10376 10313 10510 10557 
1 2 10510 10610 
